253 2549 258 259 2 256 4 1 42 2574 114.6 62
252 2547 258 259 2 256 4 1 41 2570 114.19 62
256 2555 258 259 2 255 4 1 53 3080 113.63 62
256 2549 259 259 2 256 4 1 42 2559 115.19 61
253 2546 258 258 2 254 4 1 73 4339 114.28 65
254 2547 258 258 2 256 4 1 54 3256 116.37 62
254 2553 258 259 2 256 4 1 56 2734 114.91 61
254 2539 258 258 2 256 4 1 41 2564 114 61
249 2538 258 258 2 252 4 1 42 2585 114.13 62
256 2545 258 258 2 255 4 1 133 3760 130.43 61
255 2550 259 259 2 255 4 1 61 3677 119.22 61
254 2548 259 259 2 255 4 1 42 2551 114.27 62
254 2543 258 258 2 254 4 1 42 2557 114.61 62
253 2549 258 259 2 256 4 1 41 2574 116.37 62
255 2551 258 258 2 255 4 1 42 2544 114.26 62
255 2545 258 259 2 256 4 1 55 3428 126.62 61
251 2533 259 258 2 256 4 1 41 2542 114.72 61
254 2547 258 258 2 256 4 1 42 2560 114.68 62
256 2547 258 259 2 255 4 1 41 2531 114.3 61
254 2553 259 259 2 256 4 1 131 5107 134.06 62
256 2549 258 258 2 255 4 1 65 3896 131.37 61
255 2546 258 257 2 254 4 1 42 2567 114.48 61
252 2538 258 258 2 255 4 1 42 2554 114.06 62
256 2553 258 259 2 256 4 1 42 2523 113.54 61
256 2549 259 259 2 256 4 1 63 2565 115.29 61
256 2551 259 259 2 256 4 1 42 2568 114.8 61
255 2541 257 258 2 254 4 1 58 3553 124.34 62
256 2553 258 258 2 255 4 1 55 3369 123.77 61
256 2552 258 259 2 256 4 1 42 2547 114.45 62
254 2548 259 259 2 255 4 1 42 2556 114.3 61
255 2544 258 258 2 256 4 1 62 3701 117.22 62
254 2541 259 258 2 255 4 1 42 2542 114.53 61
255 2548 258 258 2 255 4 1 42 2536 114.69 65
254 2536 258 259 2 255 4 1 41 2535 114.84 61
253 2547 258 258 2 255 4 1 41 2568 114.77 61
253 2546 258 258 2 256 4 1 41 2548 114.32 62
255 2546 258 258 2 253 4 1 41 2556 114.36 62
253 2543 258 258 2 256 4 1 53 3218 132.33 65
256 2547 258 259 2 253 4 1 43 2545 114.29 61
254 2543 258 258 2 255 4 1 74 4409 121.7 65
255 2540 258 258 2 255 4 1 41 2562 114.4 61
256 2550 258 259 2 256 4 1 52 3074 121.79 65
255 2541 258 258 2 252 4 1 42 2554 114.44 61
255 2546 258 259 2 256 4 1 46 2684 123.11 65
256 2551 259 259 2 253 4 1 41 2642 118.32 61
256 2555 259 259 2 256 4 1 42 2542 113.96 62
256 2545 258 258 2 253 4 1 41 2512 118.41 65
255 2544 258 258 2 256 4 1 101 6176 117.59 62
253 2551 259 259 2 255 4 1 88 5383 126.49 62
256 2547 258 258 2 251 4 1 44 2720 122.43 66
256 2546 258 258 2 255 4 1 42 2536 114.35 62
256 2547 259 259 2 256 4 1 45 2720 121.77 66
255 2539 258 258 2 245 4 1 42 2549 114.5 61
255 2549 258 258 2 256 4 1 45 2734 122.37 66
254 2552 258 259 2 255 4 1 45 2723 115.94 61
256 2549 258 259 2 256 4 1 44 2697 121.65 66
256 2550 259 258 2 256 4 1 58 3508 127.31 61
256 2549 258 259 2 256 4 1 53 3024 118.74 61
256 2550 258 259 2 256 4 1 57 3526 134.77 65
256 2547 259 258 2 255 4 1 42 2543 115.27 61
255 2549 259 258 2 256 4 1 41 2528 114.48 62
253 2547 258 259 2 256 4 1 46 2715 122.42 65
256 2542 258 258 2 256 4 1 41 2510 113.89 61
256 2549 258 258 2 254 4 1 42 2541 114.08 62
255 2534 259 259 2 256 4 1 53 3235 123.18 62
255 2543 258 259 2 254 4 1 66 4046 129.67 62
255 2534 258 258 2 255 4 1 42 2535 114.66 61
254 2545 258 258 2 255 4 1 42 2635 115.73 61
253 2543 258 259 2 253 4 1 120 5520 125.33 61
255 2546 258 258 2 255 4 1 41 2527 114.04 62
255 2548 258 259 2 254 4 1 52 3226 129.24 61
250 2532 258 259 2 255 4 1 42 2552 114.43 61
255 2553 259 259 2 253 4 1 45 2768 114.36 61
255 2547 258 258 2 255 4 1 55 3386 127.96 61
255 2545 258 258 2 255 4 1 43 2699 114.11 61
255 2542 258 258 2 256 4 1 53 3226 122.32 61
256 2545 259 259 2 250 4 1 40 2520 113.91 62
253 2547 258 258 2 255 4 1 41 2529 115.14 61
254 2554 258 259 2 255 4 1 132 4074 132.63 62
255 2551 259 259 2 256 4 1 41 2511 114.57 62
254 2542 258 258 2 255 4 1 53 3250 122.26 61
256 2557 259 259 2 256 4 1 42 2513 114.54 62
255 2550 258 259 2 256 4 1 132 4391 134.71 61
254 2552 259 259 2 256 4 1 56 3521 116.91 66
256 2547 258 259 2 256 4 1 41 2528 114.72 61
255 2541 258 258 2 251 4 1 42 2646 115.16 62
254 2545 259 258 2 256 4 1 44 2689 121.13 67
254 2541 258 258 2 256 4 1 41 2530 114.21 62
254 2547 258 259 2 256 4 1 45 2704 121.61 66
256 2551 259 259 2 255 4 1 55 2600 114.21 62
255 2552 258 258 2 253 4 1 53 2829 121.89 65
255 2541 258 258 2 255 4 1 42 2566 114.3 62
256 2546 258 258 2 255 4 1 42 2553 114.76 61
254 2549 258 258 2 256 4 1 55 3386 118.22 61
256 2546 259 258 2 255 4 1 101 2879 114.81 62
256 2551 259 258 2 256 4 1 42 2537 114.94 61
256 2552 258 258 2 256 4 1 42 2512 114.33 61
255 2550 258 258 2 250 4 1 41 2527 114.11 62
256 2546 258 259 2 255 4 1 47 2553 113.57 61
255 2544 258 258 2 255 4 1 42 2553 114.79 62
256 5097 260 260 2 255 5 1 42 5574 233.03 229
254 5100 259 259 2 253 5 1 78 9212 230.59 229
256 5088 259 259 2 253 5 1 44 5691 231.36 229
256 5093 260 259 2 253 5 1 41 5573 230.87 228
254 5091 260 260 2 256 5 1 74 7343 232.63 229
253 5087 259 259 2 255 5 1 41 5634 232.68 230
252 5090 259 259 2 256 5 1 49 5917 233.55 229
256 5092 259 259 2 255 5 1 42 5571 229.78 230
255 5079 259 259 2 255 5 1 41 5563 231.41 229
255 5094 260 260 2 254 5 1 41 5534 230.83 228
255 5086 259 259 2 256 5 1 73 7364 231.72 229
253 5083 259 259 2 256 5 1 120 6795 235.08 230
254 5092 259 259 2 254 5 1 42 5542 230.57 229
255 5093 260 260 2 253 5 1 42 5555 231.92 230
255 5100 259 259 2 256 5 1 41 5579 230.7 229
255 5096 259 260 2 256 5 1 52 7126 249.56 244
255 5094 259 259 2 255 5 1 42 5580 232.45 229
254 5105 259 260 2 255 5 1 83 7237 246.12 244
255 5091 260 260 2 256 5 1 56 7104 230.13 230
255 5108 260 260 2 252 5 1 43 5888 245.77 243
255 5084 259 259 2 254 5 1 41 5576 229.99 229
255 5098 260 260 2 256 5 1 44 5910 246 246
255 5096 259 259 2 255 5 1 41 5575 230.22 230
255 5093 259 259 2 256 5 1 44 5939 245.59 244
253 5082 259 259 2 253 5 1 54 7419 238.31 230
255 5091 259 259 2 255 5 1 45 5956 245.75 244
255 5088 259 259 2 256 5 1 42 5550 231.52 229
255 5078 260 260 2 255 5 1 44 5892 248.23 244
256 5106 259 260 2 256 5 1 41 5561 230.45 228
254 5091 260 259 2 256 5 1 54 6761 246.92 244
255 5081 259 259 2 253 5 1 47 6412 230.9 228
255 5082 259 259 2 255 5 1 44 5957 246.11 244
253 5084 259 259 2 253 5 1 41 5569 230.27 229
255 5088 259 260 2 255 5 1 44 5961 245.31 246
254 5068 259 259 2 255 5 1 54 6081 231.74 230
255 5073 259 260 2 256 5 1 54 7187 246.23 230
256 5077 259 260 2 255 5 1 41 5594 229.88 230
254 5089 259 259 2 255 5 1 42 5667 230.83 229
250 5076 259 259 2 253 5 1 61 6490 230.41 231
256 5094 260 260 2 256 5 1 41 5581 231.47 229
255 5104 260 259 2 256 5 1 41 5548 232.51 230
253 5101 259 259 2 256 5 1 60 8096 236.52 230
256 5097 259 259 2 250 5 1 42 5650 232.31 228
256 5109 260 260 2 249 5 1 41 5537 230.24 230
256 5103 260 260 2 254 5 1 42 5562 230.68 229
256 5103 259 260 2 253 5 1 41 5540 230.31 228
256 5087 259 259 2 255 5 1 41 5540 230.07 228
255 5095 259 259 2 254 5 1 40 5589 232.03 229
255 5088 259 259 2 254 5 1 43 5564 230.34 228
256 5096 260 260 2 256 5 1 41 5564 233.06 230
255 5096 260 259 2 255 5 1 42 5571 230.97 228
255 5098 260 259 2 256 5 1 87 6823 230.23 229
256 5096 259 259 2 253 5 1 41 5568 231.24 228
250 5079 259 259 2 255 5 1 53 6482 230.66 231
255 5088 259 259 2 256 5 1 43 5564 230.03 228
255 5094 259 260 2 256 5 1 41 5564 230.11 229
256 5104 260 259 2 252 5 1 55 6885 229.38 230
256 5093 259 259 2 256 5 1 42 5547 230.12 229
255 5090 260 259 2 255 5 1 41 5538 229.74 228
256 5090 259 259 2 252 5 1 41 5664 239.53 230
253 5096 259 259 2 255 5 1 57 7703 237.5 230
254 5083 259 259 2 255 5 1 41 5545 230.58 229
255 5093 259 259 2 256 5 1 41 5571 232.19 230
256 5092 259 260 2 256 5 1 42 5566 230.55 228
255 5089 259 259 2 255 5 1 43 5750 233.95 230
254 5061 259 260 2 254 5 1 67 7407 230.95 230
253 5081 259 259 2 255 5 1 41 5583 231.6 229
254 5087 259 259 2 255 5 1 64 6282 232.26 230
255 5090 259 259 2 254 5 1 58 5617 232.41 230
255 5091 259 259 2 254 5 1 40 5580 230.6 230
254 5098 260 260 2 255 5 1 41 5570 229.5 229
256 5106 260 260 2 255 5 1 53 7075 236.17 228
254 5095 259 260 2 256 5 1 41 5555 230.36 228
251 5080 260 260 2 256 5 1 42 5580 230.32 229
253 5086 260 260 2 254 5 1 42 5553 230.12 229
256 5108 260 260 2 256 5 1 42 5534 230.39 229
255 5080 259 259 2 255 5 1 41 5575 229.93 229
254 5099 260 260 2 253 5 1 41 5632 231.22 229
255 5100 259 260 2 256 5 1 42 5588 231.58 229
255 5087 259 259 2 254 5 1 144 7415 237.09 229
256 5097 260 260 2 256 5 1 42 5545 231.21 229
255 5082 259 259 2 255 5 1 46 6149 233.18 228
255 5091 259 259 2 255 5 1 42 5564 230.54 230
255 5095 259 259 2 252 5 1 42 5568 231.04 230
255 5094 259 259 2 255 5 1 53 5835 230.59 230
256 5093 259 259 2 255 5 1 134 8299 238.42 233
254 5089 259 259 2 251 5 1 79 9278 236.24 229
256 5085 259 260 2 255 5 1 42 5543 230.45 229
256 5090 259 259 2 255 5 1 52 7126 236.05 230
254 5066 259 259 2 255 5 1 42 5600 230.31 229
254 5085 259 259 2 255 5 1 41 5563 230.18 229
255 5097 260 260 2 256 5 1 54 7097 231.62 230
254 5092 260 260 2 256 5 1 42 5546 230.34 230
255 5098 260 260 2 254 5 1 55 6024 230.91 228
256 5091 260 259 2 256 5 1 52 7093 234.97 230
255 5106 260 260 2 255 5 1 43 5550 230.34 229
253 5095 259 259 2 253 5 1 42 5589 230.23 230
256 5078 259 259 2 254 5 1 42 5557 229.9 229
255 5106 259 260 2 255 5 1 56 7023 230.72 230
256 5095 259 260 2 255 5 1 44 5601 230.79 229
256 7644 260 260 2 256 5 1 43 9012 387.62 522
256 7642 260 260 2 256 5 1 42 8954 387.54 523
255 7635 259 260 2 255 5 1 41 9211 390.26 522
254 7617 259 260 2 256 5 1 42 9030 388.2 522
255 7642 260 260 2 256 5 1 42 8947 387.1 522
256 7638 260 260 2 256 5 1 42 8906 387.66 522
255 7625 259 260 2 255 5 1 76 10959 387.7 521
255 7640 260 260 2 255 5 1 53 9649 386.97 522
255 7628 260 260 2 256 5 1 41 9008 386.76 522
254 7619 259 259 2 255 5 1 89 10800 410.76 557
255 7639 260 260 2 256 5 1 57 11730 389.08 520
256 7643 260 260 2 256 5 1 95 9432 387.91 527
255 7633 260 260 2 255 5 1 42 8974 386.65 521
255 7643 260 260 2 256 5 1 42 8982 387.45 522
255 7636 259 260 2 255 5 1 87 11504 389.52 523
256 7640 260 260 2 254 5 1 42 9005 389.65 521
255 7634 260 260 2 256 5 1 69 12457 387.17 521
255 7637 260 260 2 256 5 1 42 9076 387.85 521
256 7629 260 260 2 254 5 1 42 9011 388.81 522
255 7636 260 260 2 256 5 1 43 8981 388.91 523
251 7632 260 260 2 256 5 1 42 8949 390.97 523
253 7622 259 259 2 254 5 1 41 9011 390.28 522
255 7638 260 260 2 256 5 1 46 9234 412.12 522
256 7628 260 260 2 255 5 1 41 9170 386.65 521
256 7635 260 259 2 252 5 1 41 8960 388.95 522
256 7630 260 260 2 253 5 1 53 10042 388.31 523
256 7640 259 260 2 253 5 1 41 8982 388.71 525
254 7642 260 260 2 256 5 1 41 8930 390.72 520
255 7652 260 260 2 256 5 1 42 8971 386.28 522
255 7626 260 260 2 254 5 1 41 8985 388.05 520
256 7659 260 261 2 256 5 1 42 8975 387.14 520
255 7641 260 260 2 256 5 1 58 11347 388.49 524
254 7630 260 259 2 253 5 1 100 12769 387.62 526
254 7634 260 259 2 255 5 1 52 10066 388.16 523
254 7620 260 260 2 253 5 1 132 13241 388.19 521
255 7644 260 260 2 256 5 1 57 9621 388.11 521
253 7638 260 260 2 255 5 1 42 8944 387.56 521
255 7633 260 260 2 256 5 1 41 8997 388.59 521
255 7631 260 260 2 255 5 1 41 8961 387.42 523
255 7630 259 260 2 252 5 1 74 10104 390.42 521
256 7646 260 260 2 255 5 1 42 8960 387.34 521
255 7637 260 260 2 254 5 1 41 8975 389.38 521
256 7634 260 260 2 256 5 1 42 8960 386.36 521
255 7641 260 260 2 255 5 1 41 8960 387.42 520
255 7622 260 260 2 254 5 1 45 9244 389.7 524
256 7656 260 260 2 253 5 1 41 8926 388.8 521
255 7622 260 260 2 254 5 1 42 9003 391.5 522
254 7628 260 260 2 256 5 1 62 10102 388.87 522
254 7632 260 260 2 256 5 1 42 8983 388.3 520
251 7639 260 260 2 250 5 1 54 10385 390.43 522
256 7631 260 260 2 254 5 1 131 13283 387.53 526
254 7633 260 260 2 253 5 1 57 9613 386.71 526
255 7644 260 260 2 256 5 1 56 10548 387.2 523
256 7652 260 260 2 256 5 1 42 8995 386.73 521
255 7642 260 260 2 252 5 1 55 9213 387.35 522
255 7631 260 260 2 255 5 1 45 9001 388.35 524
255 7651 260 260 2 251 5 1 41 8952 405.51 561
255 7652 260 260 2 252 5 1 41 8958 391.38 524
256 7652 260 260 2 255 5 1 41 9029 389.38 525
251 7607 259 260 2 253 5 1 46 9685 387.08 524
253 7646 260 260 2 255 5 1 87 12583 386.68 523
255 7657 260 260 2 253 5 1 46 9758 389.42 522
254 7651 260 260 2 255 5 1 41 8920 387.03 522
253 7651 260 260 2 255 5 1 43 8974 387.43 521
253 7646 260 260 2 255 5 1 41 8989 386.99 526
256 7628 260 260 2 255 5 1 42 8982 388.08 520
256 7647 260 260 2 256 5 1 44 9104 387.95 521
252 7639 260 260 2 255 5 1 56 11340 388.58 522
251 7613 260 259 2 254 5 1 41 8969 391.26 522
254 7630 260 259 2 255 5 1 41 8984 387.46 521
255 7634 260 260 2 256 5 1 42 8943 388.54 521
252 7643 260 260 2 256 5 1 41 8955 389.15 521
255 7625 259 260 2 254 5 1 41 8959 388.21 521
256 7648 260 260 2 255 5 1 43 9072 387.34 522
253 7625 259 260 2 254 5 1 41 9004 388.83 523
256 7652 260 260 2 256 5 1 40 9039 390.34 522
256 7649 260 260 2 256 5 1 42 8930 387.72 521
256 7647 260 260 2 256 5 1 44 8998 388.89 523
255 7649 260 260 2 256 5 1 42 8966 387.51 521
255 7651 260 260 2 255 5 1 41 8961 391.59 523
256 7651 260 260 2 255 5 1 56 11487 387.91 521
253 7627 260 259 2 255 5 1 89 11067 389.2 521
254 7648 260 260 2 255 5 1 42 8933 388.34 522
254 7617 259 260 2 256 5 1 44 8940 388.35 523
256 7645 260 260 2 256 5 1 42 8958 389.08 520
255 7641 260 260 2 256 5 1 43 8980 391.34 522
256 7623 260 260 2 255 5 1 53 10218 387.33 522
254 7638 260 260 2 255 5 1 44 9232 390.58 520
255 7632 260 260 2 256 5 1 41 8943 387.94 521
256 7635 260 260 2 255 5 1 70 12364 387.08 522
254 7634 260 260 2 256 5 1 42 8966 388.56 520
256 7632 260 260 2 255 5 1 41 8977 389.17 521
253 7618 260 260 2 253 5 1 58 11283 389.71 520
254 7651 260 260 2 255 5 1 42 9052 388.83 523
256 7654 260 260 2 255 5 1 41 8960 388.3 521
256 7641 260 260 2 256 5 1 44 9088 388.88 523
256 7633 260 260 2 255 5 1 42 8968 386.75 524
256 7625 259 260 2 255 5 1 42 9035 389.31 521
255 7654 260 260 2 256 5 1 45 9512 388.62 521
254 7650 260 260 2 254 5 1 41 8975 389.58 522
255 10191 261 261 2 255 6 1 58 14405 584.08 1041
254 10204 260 260 2 256 6 1 44 12631 585.91 1039
256 10195 261 261 2 255 6 1 63 15813 587.47 1039
256 10182 260 260 2 253 6 1 57 13795 586.05 1041
256 10211 261 261 2 256 6 1 58 14388 588.32 1040
252 10171 260 260 2 253 6 1 41 12773 588.47 1038
254 10171 260 260 2 254 6 1 42 12652 586.11 1039
256 10199 261 261 2 253 6 1 45 13366 625.58 1107
256 10198 260 260 2 255 6 1 42 12591 584.55 1038
256 10177 260 260 2 254 6 1 44 12841 585.47 1040
255 10156 260 260 2 255 6 1 54 15026 625.29 1107
255 10207 261 261 2 256 6 1 66 14031 585.66 1037
255 10212 261 261 2 251 6 1 54 13787 624.65 1107
256 10213 261 261 2 253 6 1 52 14750 586.18 1040
256 10177 260 261 2 254 6 1 45 13616 623.86 1105
255 10183 260 260 2 256 6 1 42 12703 585.58 1042
253 10158 260 260 2 253 6 1 44 13481 623.11 1108
253 10181 260 260 2 255 6 1 41 12575 585.76 1037
256 10173 260 260 2 252 6 1 56 15351 625.46 1109
254 10185 260 260 2 255 6 1 42 12578 585.26 1040
254 10178 261 261 2 254 6 1 54 14841 624.75 1110
254 10187 260 260 2 255 6 1 41 12632 584.95 1038
254 10167 260 260 2 255 6 1 44 13494 623.55 1105
256 10159 260 260 2 255 6 1 73 16232 585.45 1038
256 10212 260 261 2 255 6 1 44 13435 623.22 1110
256 10206 260 261 2 256 6 1 48 13392 592.29 1038
256 10201 261 260 2 251 6 1 130 16549 602.62 1044
256 10224 261 261 2 256 6 1 42 12577 584.74 1040
256 10186 260 261 2 256 6 1 41 12574 584.95 1038
255 10155 260 260 2 255 6 1 58 14242 585.2 1048
256 10206 260 260 2 255 6 1 41 12588 585.72 1038
252 10201 260 261 2 255 6 1 45 12612 587.3 1040
256 10179 261 261 2 254 6 1 133 15866 587.87 1039
255 10175 260 260 2 255 6 1 40 12601 585.45 1040
256 10183 260 260 2 253 6 1 42 12599 587.69 1044
252 10179 260 260 2 252 6 1 42 12586 588.3 1049
252 10184 260 260 2 254 6 1 41 12576 587.47 1039
255 10163 260 260 2 253 6 1 41 12653 589.95 1038
255 10193 261 261 2 256 6 1 41 12560 585.8 1038
254 10194 260 261 2 256 6 1 42 12605 589.88 1040
255 10185 260 260 2 254 6 1 42 12558 587.36 1038
256 10190 260 261 2 254 6 1 42 12559 584.63 1038
254 10192 260 260 2 256 6 1 44 12672 585.77 1037
254 10161 260 260 2 254 6 1 42 12604 583.5 1040
256 10212 261 261 2 251 6 1 95 16070 584.11 1076
255 10195 261 261 2 256 6 1 57 12700 584.03 1041
256 10203 261 261 2 256 6 1 82 15076 587.71 1040
255 10173 260 260 2 255 6 1 42 12568 591.14 1044
256 10188 261 261 2 256 6 1 42 12565 586.73 1040
256 10178 260 260 2 254 6 1 42 12663 586.07 1037
254 10147 260 260 2 255 6 1 42 12586 585.33 1042
256 10165 260 260 2 255 6 1 52 14149 584.78 1040
255 10176 260 261 2 255 6 1 42 12602 585.62 1042
256 10175 260 260 2 255 6 1 42 12618 585.96 1041
256 10202 260 261 2 253 6 1 42 12526 585.47 1047
254 10206 261 261 2 254 6 1 61 12616 584.55 1040
254 10177 260 260 2 253 6 1 42 12657 586.28 1045
256 10195 261 261 2 252 6 1 62 14384 586.47 1039
255 10172 260 260 2 255 6 1 63 12742 586.81 1042
256 10216 261 261 2 255 6 1 65 13976 586.07 1039
251 10188 260 261 2 254 6 1 73 15458 593.2 1037
256 10197 260 261 2 254 6 1 42 12570 584.22 1039
254 10168 261 260 2 256 6 1 42 12661 589.01 1039
256 10201 261 261 2 254 6 1 53 14432 585.14 1037
253 10164 259 260 2 254 6 1 41 12629 585.27 1039
254 10173 260 260 2 249 6 1 56 15086 588.4 1037
256 10198 261 261 2 256 6 1 44 13230 590.07 1042
256 10208 261 261 2 255 6 1 131 16614 587.59 1038
256 10172 260 260 2 255 6 1 82 13263 588.23 1038
256 10194 261 261 2 250 6 1 42 12513 584.38 1040
256 10195 261 260 2 256 6 1 58 13731 586 1041
254 10203 260 261 2 256 6 1 41 12581 587.04 1045
255 10162 260 260 2 254 6 1 41 12653 586.71 1039
249 10194 260 261 2 254 6 1 42 12549 586.3 1039
255 10188 260 260 2 255 6 1 40 12582 584.31 1038
255 10164 260 260 2 255 6 1 41 12614 587.03 1040
256 10201 261 261 2 255 6 1 46 12644 587.69 1038
255 10186 261 261 2 252 6 1 41 12546 587.12 1043
255 10209 261 261 2 254 6 1 41 12515 585.95 1040
255 10199 260 261 2 254 6 1 41 12556 587.9 1041
255 10187 260 260 2 254 6 1 41 12578 584.87 1041
253 10148 260 260 2 256 6 1 42 12613 584.61 1040
254 10172 260 260 2 256 6 1 42 12625 589.37 1040
253 10145 260 260 2 251 6 1 45 13021 584.79 1037
253 10173 260 260 2 256 6 1 122 17596 586.42 1039
256 10206 260 260 2 255 6 1 42 12562 585.77 1036
256 10208 260 260 2 253 6 1 57 14167 583.53 1043
256 10202 261 261 2 256 6 1 56 14325 588.46 1040
253 10183 260 260 2 254 6 1 42 12600 585.46 1041
256 10211 261 261 2 256 6 1 70 13198 585.07 1041
251 10169 260 260 2 255 6 1 43 13623 604.33 1138
254 10161 260 260 2 254 6 1 45 13257 584.25 1038
255 10198 261 261 2 255 6 1 52 14260 585.66 1043
255 10206 261 260 2 254 6 1 43 12566 587.24 1041
256 10205 261 261 2 256 6 1 119 13970 584.72 1043
254 10195 260 261 2 255 6 1 41 12650 584.32 1042
255 10200 261 261 2 253 6 1 130 16128 589.73 1038
254 10192 261 260 2 255 6 1 41 12571 583.68 1039
255 10192 261 261 2 256 6 1 53 14234 584.63 1041
256 10195 261 261 2 254 6 1 41 12514 585.72 1041
256 12739 261 261 2 251 6 1 41 16508 835.01 1817
255 12726 261 261 2 256 6 1 44 16635 824.43 1805
255 12736 261 261 2 255 6 1 41 16415 830.8 1806
256 12725 261 261 2 256 6 1 77 17530 835.47 1806
256 12743 261 261 2 255 6 1 61 17381 824.83 1807
256 12734 261 261 2 255 6 1 42 16413 827.45 1800
255 12709 260 261 2 256 6 1 41 16395 826.78 1802
254 12720 260 260 2 254 6 1 83 16827 826.01 1805
255 12733 261 261 2 256 6 1 42 16358 835.1 1800
255 12706 260 260 2 255 6 1 41 16411 824.24 1806
255 12740 261 261 2 256 6 1 42 16335 825.1 1804
255 12707 260 260 2 255 6 1 42 16374 826.9 1804
256 12713 260 261 2 254 6 1 42 16422 826.3 1803
250 12730 261 261 2 254 6 1 41 16341 823.66 1807
254 12739 261 261 2 252 6 1 82 16927 832.16 1805
254 12740 261 261 2 255 6 1 63 18371 824.58 1801
255 12709 260 261 2 255 6 1 41 16375 822.06 1802
256 12699 260 260 2 254 6 1 53 17029 829.59 1805
255 12749 261 261 2 255 6 1 41 16349 825.34 1799
254 12739 261 261 2 254 6 1 57 18225 826.13 1809
254 12745 261 261 2 255 6 1 42 16290 826.39 1808
256 12713 260 260 2 253 6 1 42 16407 824.86 1801
254 12745 261 261 2 256 6 1 41 16340 832.17 1816
253 12725 261 261 2 256 6 1 41 16403 828.66 1816
255 12732 261 260 2 255 6 1 42 16398 823.73 1805
256 12751 261 261 2 256 6 1 43 16317 825.28 1797
255 12754 261 261 2 256 6 1 44 16778 836.99 1807
254 12724 261 261 2 255 6 1 42 16373 826.4 1805
255 12744 261 261 2 255 6 1 42 16392 824.07 1801
255 12727 260 260 2 255 6 1 42 16414 830.59 1803
256 12738 261 261 2 256 6 1 41 16328 824.67 1801
251 12733 261 261 2 255 6 1 42 16677 823.17 1812
255 12735 260 260 2 254 6 1 41 16463 830.58 1804
253 12709 260 260 2 253 6 1 41 16540 829.72 1800
252 12728 261 261 2 255 6 1 41 16311 824.6 1801
256 12731 261 261 2 256 6 1 46 16830 837.02 1805
256 12739 261 261 2 254 6 1 57 17056 826 1807
256 12718 261 260 2 255 6 1 42 16597 843.1 1803
255 12711 261 261 2 253 6 1 60 17134 829.44 1801
256 12691 260 260 2 255 6 1 54 17676 832.35 1803
255 12740 261 261 2 252 6 1 42 16377 824.44 1803
255 12715 260 260 2 256 6 1 41 16449 826.79 1809
254 12709 260 260 2 255 6 1 41 16455 834.97 1807
255 12695 260 260 2 255 6 1 41 16478 839.24 1813
255 12716 261 260 2 255 6 1 41 16400 827.1 1801
256 12754 261 261 2 253 6 1 42 16369 825.4 1804
256 12754 261 261 2 254 6 1 41 16358 826.85 1802
251 12708 260 260 2 254 6 1 41 16413 827.28 1801
255 12753 261 261 2 254 6 1 42 16396 833.49 1808
255 12710 260 260 2 255 6 1 44 16823 825.22 1804
255 12714 260 260 2 255 6 1 44 16638 823.11 1805
256 12750 261 261 2 256 6 1 53 16545 826.43 1811
254 12739 261 261 2 254 6 1 41 16341 824.09 1805
256 12744 261 261 2 254 6 1 41 16518 824.4 1801
255 12759 261 261 2 255 6 1 56 17040 823.48 1803
255 12736 261 261 2 254 6 1 41 16351 825.13 1803
254 12739 261 261 2 253 6 1 55 17225 829.13 1804
255 12747 261 261 2 256 6 1 57 18231 827.62 1809
254 12719 261 261 2 255 6 1 42 16386 824.8 1808
255 12693 260 260 2 255 6 1 40 16399 841.09 1802
256 12738 261 261 2 256 6 1 41 16389 824.25 1804
255 12738 260 260 2 254 6 1 64 17217 834.47 1804
255 12739 261 261 2 254 6 1 41 16664 832.7 1806
253 12727 261 261 2 256 6 1 47 17414 826.97 1807
256 12751 261 261 2 256 6 1 44 16854 830.75 1806
256 12751 261 261 2 256 6 1 41 16349 824.42 1802
254 12744 261 261 2 256 6 1 54 16583 824.77 1801
255 12714 260 261 2 253 6 1 61 19485 835.53 1805
255 12736 261 261 2 254 6 1 54 17913 830.4 1804
251 12736 261 261 2 256 6 1 53 17595 824.1 1801
252 12739 261 261 2 256 6 1 54 17639 823.19 1805
254 12733 261 260 2 255 6 1 62 16454 834.57 1806
255 12738 260 261 2 255 6 1 42 16417 832.72 1800
253 12731 260 261 2 255 6 1 61 17934 835.17 1804
256 12736 261 261 2 255 6 1 57 19153 830.13 1813
252 12717 261 260 2 254 6 1 109 18158 828.74 1808
255 12746 261 261 2 255 6 1 41 16353 826.28 1805
256 12730 261 261 2 256 6 1 41 16364 824.37 1801
255 12703 260 260 2 255 6 1 42 16461 827.34 1804
255 12718 260 260 2 255 6 1 42 16458 831.77 1810
255 12735 261 260 2 255 6 1 121 21270 827.37 1801
254 12749 261 261 2 255 6 1 41 16327 831.15 1809
253 12697 260 260 2 255 6 1 42 16389 826.11 1805
255 12738 261 261 2 256 6 1 42 16434 827.27 1803
255 12753 261 261 2 255 6 1 42 16342 833.04 1811
256 12734 261 260 2 255 6 1 41 16435 826.18 1809
255 12700 260 260 2 255 6 1 42 16528 831.36 1805
255 12715 261 261 2 255 6 1 79 18125 824.47 1804
254 12746 261 261 2 255 6 1 42 16381 825.28 1805
255 12761 261 261 2 255 6 1 45 17069 830.33 1814
255 12743 261 261 2 254 6 1 41 16425 824.16 1804
255 12731 261 261 2 252 6 1 57 17219 826.39 1807
255 12730 261 260 2 252 6 1 42 16516 827.36 1813
254 12714 260 260 2 256 6 1 47 16453 825.11 1799
253 12691 260 261 2 253 6 1 41 16432 832.09 1815
253 12709 260 260 2 255 6 1 59 19448 828.92 1805
255 12732 260 260 2 255 6 1 41 16458 826.01 1806
254 12716 261 260 2 253 6 1 68 18217 825.73 1807
254 12733 260 261 2 256 6 1 42 16337 826.24 1805
254 12705 260 260 2 256 6 1 67 19677 833.27 1805
